02550043 2026 01 01 07 00 0,0 
02550043 2026 01 01 17 00 1,5 
02550043 2026 01 02 07 00 0,0 
02550043 2026 01 02 17 00 2,4 
02550043 2026 01 03 07 00 0,0 
02550043 2026 01 03 17 00 0,0 
02550043 2026 01 04 07 00 0,0 
02550043 2026 01 04 17 00 0,0 
02550043 2026 01 05 07 00 0,0 
02550043 2026 01 05 17 00 0,0 
02550043 2026 01 06 07 00 0,0 
02550043 2026 01 06 17 00 0,0 
02550043 2026 01 07 07 00 0,0 
02550043 2026 01 07 17 00 0,0 
02550043 2026 01 08 07 00 0,0 
02550043 2026 01 08 17 00 0,0 
02550043 2026 01 09 07 00 0,0 
02550043 2026 01 09 17 00 0,0 
02550043 2026 01 10 07 00 16,2 
02550043 2026 01 10 17 00 1,4 
02550043 2026 01 11 07 00 1,6 
02550043 2026 01 11 17 00 0,0 
02550043 2026 01 12 07 00 0,0 
02550043 2026 01 12 17 00 27,2 
02550043 2026 01 13 07 00 0,0 
02550043 2026 01 13 17 00 0,0 
02550043 2026 01 14 07 00 0,0 
02550043 2026 01 14 17 00 0,0 
02550043 2026 01 15 07 00 0,0 
02550043 2026 01 15 17 00 0,0 
02550043 2026 01 16 07 00 0,0 
02550043 2026 01 16 17 00 0,0 
02550043 2026 01 17 07 00 0,0 
02550043 2026 01 17 17 00 0,0 
02550043 2026 01 18 07 00 5,2 
02550043 2026 01 18 17 00 5,6 
02550043 2026 01 19 07 00 0,0 
02550043 2026 01 19 17 00 0,0 
02550043 2026 01 20 07 00 0,0 
02550043 2026 01 20 17 00 0,0 
02550043 2026 01 21 07 00 0,0 
02550043 2026 01 21 17 00 0,0 
02550043 2026 01 22 07 00 0,0 
02550043 2026 01 22 17 00 0,0 
02550043 2026 01 23 07 00 0,0 
02550043 2026 01 23 17 00 0,0 
02550043 2026 01 24 07 00 0,0 
02550043 2026 01 24 17 00 0,0 
02550043 2026 01 25 07 00 0,0 
02550043 2026 01 25 17 00 0,0 
02550043 2026 01 26 07 00 0,0 
02550043 2026 01 26 17 00 0,0 
02550043 2026 01 27 07 00 0,0 
02550043 2026 01 27 17 00 0,0 
02550043 2026 01 28 07 00 0,0 
02550043 2026 01 28 17 00 0,0 
02550043 2026 01 29 07 00 0,0 
02550043 2026 01 29 17 00 4,2 
02550043 2026 01 30 07 00 61,4 
02550043 2026 01 30 17 00 0,0 
02550043 2026 01 31 07 00 8,2 
02550043 2026 01 31 17 00 0,0 
02550043 2026 02 01 07 00 0,0 
02550043 2026 02 01 17 00 0,0 
02550043 2026 02 02 07 00 0,0 
02550043 2026 02 02 17 00 0,0 
02550043 2026 02 03 07 00 40,0 
02550043 2026 02 03 17 00 0,0 
02550043 2026 02 04 07 00 9,8 
02550043 2026 02 04 17 00 0,0 
02550043 2026 02 05 07 00 0,0 
02550043 2026 02 05 17 00 0,0 
02550043 2026 02 06 07 00 0,0 
02550043 2026 02 06 17 00 0,0 
02550043 2026 02 07 07 00 0,0 
02550043 2026 02 07 17 00 0,0 
02550043 2026 02 08 07 00 0,0 
02550043 2026 02 08 17 00 0,0 
02550043 2026 02 09 07 00 0,0 
02550043 2026 02 09 17 00 0,0 
02550043 2026 02 10 07 00 0,0 
02550043 2026 02 10 17 00 0,0 
02550043 2026 02 11 07 00 0,0 
02550043 2026 02 11 17 00 0,0 
02550043 2026 02 12 07 00 0,0 
02550043 2026 02 12 17 00 0,0 
02550043 2026 02 13 07 00 3,6 
02550043 2026 02 13 17 00 21,8 
02550043 2026 02 14 07 00 11,9 
02550043 2026 02 14 17 00 0,0 
02550043 2026 02 15 07 00 0,0 
02550043 2026 02 15 17 00 0,0 
02550043 2026 02 16 07 00 0,0 
02550043 2026 02 16 17 00 0,0 
02550043 2026 02 17 07 00 0,0 
02550043 2026 02 17 17 00 0,0 
02550043 2026 02 18 07 00 3,5 
02550043 2026 02 18 17 00 3,2 
02550043 2026 02 19 07 00 0,0 
02550043 2026 02 19 17 00 0,0 
02550043 2026 02 20 07 00 5,2 
02550043 2026 02 20 17 00 0,0 
02550043 2026 02 21 07 00 0,0 
02550043 2026 02 21 17 00 0,0 
02550043 2026 02 22 07 00 0,0 
02550043 2026 02 22 17 00 0,0 
02550043 2026 02 23 07 00 0,0 
02550043 2026 02 23 17 00 0,0 
02550043 2026 02 24 07 00 0,0 
02550043 2026 02 24 17 00 0,0 
02550043 2026 02 25 07 00 0,0 
02550043 2026 02 25 17 00 5,6 
02550043 2026 02 26 07 00 0,0 
02550043 2026 02 26 17 00 0,0 
02550043 2026 02 27 07 00 0,0 
02550043 2026 02 27 17 00 0,0 
02550043 2026 02 28 07 00 0,0 
02550043 2026 02 28 17 00 0,0 
02550043 2026 03 01 07 00 0,0 
02550043 2026 03 01 17 00 0,0 
02550043 2026 03 02 07 00 0,0 
02550043 2026 03 02 17 00 0,0 
02550043 2026 03 03 07 00 0,0 
02550043 2026 03 03 17 00 0,6 
02550043 2026 03 04 07 00 0,0 
02550043 2026 03 04 17 00 0,0 
02550043 2026 03 05 07 00 0,0 
02550043 2026 03 05 17 00 0,0 
02550043 2026 03 06 07 00 0,0 
02550043 2026 03 06 17 00 0,0 
02550043 2026 03 07 07 00 0,0 
02550043 2026 03 07 17 00 0,0 
02550043 2026 03 08 07 00 0,0 
02550043 2026 03 08 17 00 0,0 
02550043 2026 03 09 07 00 0,0 
02550043 2026 03 09 17 00 0,0 
02550043 2026 03 10 07 00 0,0 
02550043 2026 03 10 17 00 0,0 
02550043 2026 03 11 07 00 0,0 
02550043 2026 03 11 17 00 0,0 
02550043 2026 03 12 07 00 4,6 
02550043 2026 03 12 17 00 0,0 
02550043 2026 03 13 07 00 0,0 
02550043 2026 03 13 17 00 0,0 
02550043 2026 03 14 07 00 0,0 
02550043 2026 03 14 17 00 0,0 
02550043 2026 03 15 07 00 0,0 
02550043 2026 03 15 17 00 0,0 
02550043 2026 03 16 07 00 0,0 
02550043 2026 03 16 17 00 0,0 
02550043 2026 03 17 07 00 5,6 
02550043 2026 03 17 17 00 0,0 
02550043 2026 03 18 07 00 0,0 
02550043 2026 03 18 17 00 0,0 
02550043 2026 03 19 07 00 0,0 
02550043 2026 03 19 17 00 0,0 
02550043 2026 03 20 07 00 0,0 
02550043 2026 03 20 17 00 0,0 
02550043 2026 03 21 07 00 0,0 
02550043 2026 03 21 17 00 0,0 
02550043 2026 03 22 07 00 0,0 
02550043 2026 03 22 17 00 0,0 
02550043 2026 03 23 07 00 0,0 
02550043 2026 03 23 17 00 0,5 
02550043 2026 03 24 07 00 5,6 
02550043 2026 03 24 17 00 22,5 
02550043 2026 03 25 07 00 2,5 
02550043 2026 03 25 17 00 0,0 
02550043 2026 03 26 07 00 0,0 
02550043 2026 03 26 17 00 0,0 
02550043 2026 03 27 07 00 0,0 
02550043 2026 03 27 17 00 0,0 
02550043 2026 03 28 07 00 0,0 
02550043 2026 03 28 17 00 0,0 
02550043 2026 03 29 07 00 0,4 
02550043 2026 03 29 17 00 0,0 
02550043 2026 03 30 07 00 0,0 
02550043 2026 03 30 17 00 0,0 
02550043 2026 03 31 07 00 0,0 
02550043 2026 03 31 17 00 0,0 
02550043 2026 04 01 07 00 0,0 
02550043 2026 04 01 17 00 0,0 
02550043 2026 04 02 07 00 25,5 
02550043 2026 04 02 17 00 0,0 
02550043 2026 04 03 07 00 0,0 
02550043 2026 04 03 17 00 0,0 
02550043 2026 04 04 07 00 0,0 
02550043 2026 04 04 17 00 0,0 
02550043 2026 04 05 07 00 0,0 
02550043 2026 04 05 17 00 0,8 
02550043 2026 04 06 07 00 0,0 
02550043 2026 04 06 17 00 0,0 
02550043 2026 04 07 07 00 0,0 
02550043 2026 04 07 17 00 0,0 
02550043 2026 04 08 07 00 7,8 
02550043 2026 04 08 17 00 7,5 
02550043 2026 04 09 07 00 0,0 
02550043 2026 04 09 17 00 0,0 
02550043 2026 04 10 07 00 0,0 
02550043 2026 04 10 17 00 0,0 
02550043 2026 04 11 07 00 0,0 
02550043 2026 04 11 17 00 0,0 
02550043 2026 04 12 07 00 0,0 
02550043 2026 04 12 17 00 0,0 
02550043 2026 04 13 07 00 0,0 
02550043 2026 04 13 17 00 0,0 
02550043 2026 04 14 07 00 0,0 
02550043 2026 04 14 17 00 0,0 
02550043 2026 04 15 07 00 0,0 
02550043 2026 04 15 17 00 0,0 
02550043 2026 04 16 07 00 0,0 
02550043 2026 04 16 17 00 0,0 
02550043 2026 04 17 07 00 0,0 
02550043 2026 04 17 17 00 0,0 
02550043 2026 04 18 07 00 0,0 
02550043 2026 04 18 17 00 0,0 
02550043 2026 04 19 07 00 0,0 
02550043 2026 04 19 17 00 0,0 
02550043 2026 04 20 07 00 0,0 
02550043 2026 04 20 17 00 0,0 
02550043 2026 04 21 07 00 0,0 
02550043 2026 04 21 17 00 0,0 
02550043 2026 04 22 07 00 0,0 
02550043 2026 04 22 17 00 0,0 
02550043 2026 04 23 07 00 0,0 
02550043 2026 04 23 17 00 0,0 
02550043 2026 04 24 07 00 0,0 
02550043 2026 04 24 17 00 0,0 
02550043 2026 04 25 07 00 0,0 
02550043 2026 04 25 17 00 0,0 
02550043 2026 04 26 07 00 1,2 
02550043 2026 04 26 17 00 27,2 
02550043 2026 04 27 07 00 2,4 
02550043 2026 04 27 17 00 0,0 
02550043 2026 04 28 07 00 0,0 
02550043 2026 04 28 17 00 9,5 
02550043 2026 04 29 07 00 7,2 
02550043 2026 04 29 17 00 53,2 
02550043 2026 04 30 07 00 10,4 
02550043 2026 04 30 17 00 0,0 
02550043 2026 05 01 07 00 0,0 
02550043 2026 05 01 17 00 0,0 
02550043 2026 05 02 07 00 0,0 
02550043 2026 05 02 17 00 20,2 
02550043 2026 05 03 07 00 6,4 
02550043 2026 05 03 17 00 0,0 
02550043 2026 05 04 07 00 0,0 
02550043 2026 05 04 17 00 0,0 
02550043 2026 05 05 07 00 0,0 
02550043 2026 05 05 17 00 0,0 
02550043 2026 05 06 07 00 0,0 
02550043 2026 05 06 17 00 0,0 
02550043 2026 05 07 07 00 0,0 
02550043 2026 05 07 17 00 0,0 
02550043 2026 05 08 07 00 5,2 
02550043 2026 05 08 17 00 29,4 
02550043 2026 05 09 07 00 31,8 
02550043 2026 05 09 17 00 18,2 
02550043 2026 05 10 07 00 15,0 
02550043 2026 05 10 17 00 0,0 
02550043 2026 05 11 07 00 0,0 
02550043 2026 05 11 17 00 0,0 
02550043 2026 05 12 07 00 0,0 
02550043 2026 05 12 17 00 0,0 
02550043 2026 05 13 07 00 0,0 
02550043 2026 05 13 17 00 0,0 
02550043 2026 05 14 07 00 0,0 
02550043 2026 05 14 17 00 0,0 
02550043 2026 05 15 07 00 5,4 
02550043 2026 05 15 17 00 29,2 
02550043 2026 05 16 07 00 10,2 
02550043 2026 05 16 17 00 2,5 
02550043 2026 05 17 07 00 7,5 
02550043 2026 05 17 17 00 5,2 
02550043 2026 05 18 07 00 2,0 
02550043 2026 05 18 17 00 0,0 
02550043 2026 05 19 07 00 0,0 
02550043 2026 05 19 17 00 0,0 
02550043 2026 05 20 07 00 0,0 
02550043 2026 05 20 17 00 0,0 
02550043 2026 05 21 07 00 0,0 
02550043 2026 05 21 17 00 0,0 
02550043 2026 05 22 07 00 0,0 
02550043 2026 05 22 17 00 0,0 
02550043 2026 05 23 07 00 2,6 
02550043 2026 05 23 17 00 0,0 
02550043 2026 05 24 07 00 0,0 
02550043 2026 05 24 17 00 1,9 
02550043 2026 05 25 07 00 0,0 
02550043 2026 05 25 17 00 0,0 
02550043 2026 05 26 07 00 0,0 
02550043 2026 05 26 17 00 0,0 
02550043 2026 05 27 07 00 0,0 
02550043 2026 05 27 17 00 0,0 
02550043 2026 05 28 07 00 0,0 
02550043 2026 05 28 17 00 0,0 
02550043 2026 05 29 07 00 0,0 
02550043 2026 05 29 17 00 0,0 
02550043 2026 05 30 07 00 0,0 
02550043 2026 05 30 17 00 0,0 
02550043 2026 05 31 07 00 0,0 
02550043 2026 05 31 17 00 0,0 
02550043 2026 05 31 17 00 0,0 
